RS_US = [
            3.18
            3.96
             4.5
            5.14
            5.83
               6
            5.76
            5.72
            5.33
            5.25
            5.25
            5.25
            5.27
             5.5
             5.5
             5.5
             5.5
             5.5
            5.49
            4.91
            4.75
            4.75
            5.11
            5.38
             5.7
            6.25
             6.5
             6.5
            5.61
            4.32
            3.55
            2.14
            1.75
            1.75
            1.75
            1.44
            1.25
            1.23
               1
               1
               1
               1
            1.42
            1.94
            2.44
            2.92
            3.43
            3.97
            4.43
             4.9
            5.25
            5.25
            5.25
            5.25
            5.18
            4.52
];

LCPI_US = [
         441.717
         442.284
         443.206
         443.786
         444.518
         445.332
         445.835
         446.379
         447.264
          448.12
         448.694
         449.559
         450.166
         450.396
         450.895
         451.432
         451.638
         451.967
         452.478
         452.946
         453.311
         454.057
         454.798
         455.533
         456.517
         457.298
         458.208
         458.918
          459.87
         460.569
         460.851
         460.775
         461.094
         461.877
         462.415
         463.004
         463.936
         463.991
         464.607
         464.878
         465.739
         466.771
           467.3
         468.176
         468.697
         469.647
         471.013
         471.857
         472.326
         473.557
         474.314
         473.788
         474.724
         476.178
         476.642
         477.689
];

LGDP_US = [
         895.093
         896.389
         896.948
         898.113
          898.39
          898.57
         899.381
          900.11
         900.813
         902.438
         903.273
         904.436
         905.206
         906.714
         907.951
         908.686
         909.787
         910.446
         911.591
         913.098
         913.943
         914.768
         915.928
          917.69
         917.943
         919.501
         919.387
         919.905
         919.782
         920.089
         919.737
          920.13
         920.807
          921.35
         921.937
         921.987
         922.286
         923.139
         924.944
         925.598
         926.327
         927.183
         928.068
         928.697
         929.453
         930.147
         931.238
         931.535
         932.712
         933.315
          933.58
         934.097
         934.247
         935.185
         936.383
         936.541
];

UNR_US = [
           6.567
             6.2
               6
           5.633
           5.467
           5.667
           5.667
           5.567
           5.533
             5.5
           5.267
           5.333
           5.233
               5
           4.867
           4.667
           4.633
             4.4
           4.533
           4.433
             4.3
           4.267
           4.233
           4.067
           4.033
           3.933
               4
             3.9
           4.233
             4.4
           4.833
             5.5
             5.7
           5.833
           5.733
           5.867
           5.867
           6.133
           6.133
           5.833
             5.7
             5.6
           5.433
           5.433
           5.267
           5.067
               5
           4.933
             4.7
           4.667
           4.633
           4.433
             4.5
           4.533
             4.7
           4.833
];

BLT_US = [
           -8.87
         -8.8325
         -5.6375
        -10.8625
          -3.375
         -4.6825
         -1.2175
          1.1325
           5.945
            2.45
           1.025
           -4.45
         -2.1875
         -4.3625
           -5.25
           -4.35
          -0.875
          -5.475
            -1.3
          23.925
           6.975
            5.85
           3.575
           4.525
           7.325
           15.45
            22.4
           24.35
          37.425
          33.225
            29.6
           34.95
           33.85
          18.075
          14.075
            17.6
          15.125
          11.275
           5.675
           -0.45
           -9.05
         -15.325
            -9.6
         -13.725
             -17
         -18.125
         -10.175
           -5.75
              -4
          -6.725
          -2.325
             9.1
              12
          15.275
           17.75
            32.2
];

